section 3.1:
label=[r'$d_{max}$=80,75,70,65',r'$d_{max}$=60',r'$d_{max}$=55',r'$d_{max}$=50',r'$d_{max}$=45',r'$d_{max}$=40']
x_record=np.array([[1., 1., 1., 1., 1., 1., 1., 1., 1., 1.],[ 1., -0., -0.,  1.,  1., -0., -0.,  1.,  1.,  1.],
                    [ 1., -0.,  1.,  1.,  1., -0., -0.,  1.,  1., -0.],[ 1., -0.,  1.,  1., -0.,  1., -0.,  1.,  1.,  1.],
                    [ 1., -0.,  1.,  1.,  1., -0., -0.,  1.,  1.,  1.],[ 1., -0.,  1.,  1.,  1.,  1., -0.,  1.,  1.,  1.]])
y_record=np.array([[ 1.,  1.,  1.,  0., -0.],[-0.,  1.,  1., -0., -0.],[ 1.,  1., -0., -0., -0.],
                   [ 1.,  1., -0., -0., -0.],[ 1.,  1., -0., -0.,  0.],[ 1.,  1., -0., -0., -0.]])


section 3.2:
label=[r'|I|=5',r'|I|=6',r'|I|=7',r'|I|=8',r'|I|=9',r'|I|=10',r'|I|=11',r'|I|=12',r'|I|=13',r'|I|=14',r'|I|=15']
x_record=np.array([[ 1.,  1., -0.,  1.,  1., -0., -0.,  1.,  1.,  1.],[ 1.,  1.,  1.,  1.,  1., -0., -0.,  1.,  1.,  1.],
                   [ 1.,  1.,  1.,  1.,  1., -0.,  1.,  1.,  1.,  1.],[1., 1., 1., 1., 1., 1., 1., 1., 1., 1.],
                   [ 1., -0., -0.,  1.,  1., -0., -0.,  1.,  1.,  1.],[ 1.,  1.,  1.,  1., -0., -0., -0.,  1.,  1.,  1.],
                   [ 1., -0.,  1.,  1.,  1., -0., -0.,  1.,  1.,  1.],[ 1.,  1.,  1.,  1.,  1., -0., -0.,  1.,  1.,  1.],
                   [ 1., -0.,  1.,  1.,  1.,  1., -0.,  1.,  1.,  1.]])
y_record=np.array([[-0.,  1.,  1., -0.,  1.],[-0.,  1.,  1., -0.,  1.],
                   [-0.,  1.,  1., -0.,  1.],[ 1.,  1.,  1., -0., -0.],[-0.,  1.,  1., -0., -0.],[-0.,  1., -0., -0.,  1.],[ 1.,  1., -0., -0., -0.],
                   [-0.,  1., -0., -0.,  1.],[ 1.,  1., -0., -0., -0.]])


section 3.3:
label=[r'$c$=80,90',r'$c$=100',r'$c$=110,120,130',r'$c$=140']
x_record=np.array([[1,1,1,1,1,1,1,1,1,1],[1,0,0,1,1,0,0,1,1,1],[1,0,1,1,0,0,0,1,1,1],[1,1,0,1,0,0,0,1,1,1]])
y_record=np.array([[1,1,1,0,0],[0,1,1,0,0],[0,1,0,0,1],[0,1,0,0,1]])
